PSNR: 27.917139336322617
SSIM: 0.8505142652203244
LPIPS: 0.06806019522281813
